{
  "accessors": [
    {
      "bufferView": 2,
      "componentType": 5126,
      "count": 2155,
      "max": [
        0.6120549440383911,
        1.4769818782806396,
        0.9112737774848938
      ],
      "min": [
        -0.6307114362716675,
        0.6593472361564636,
        0.5780541300773621
      ],
      "type": "VEC3"
    },
    {
      "bufferView": 2,
      "byteOffset": 25860,
      "componentType": 5126,
      "count": 2155,
      "max": [
        0.9810633659362793,
        0.9870012998580933,
        0.9998834133148193
      ],
      "min": [
        -0.9692878723144531,
        -0.9993546605110168,
        -0.9999998211860657
      ],
      "type": "VEC3"
    },
    {
      "bufferView": 3,
      "componentType": 5126,
      "count": 2155,
      "max": [
        0.0117647061124444,
        0.0117647061124444,
        0.0117647061124444,
        1.0
      ],
      "min": [
        0.0117647061124444,
        0.0117647061124444,
        0.0117647061124444,
        1.0
      ],
      "type": "VEC4"
    },
    {
      "bufferView": 1,
      "componentType": 5126,
      "count": 2155,
      "max": [
        0.5203518867492676,
        0.6975922584533691
      ],
      "min": [
        0.0,
        0.0
      ],
      "type": "VEC2"
    },
    {
      "bufferView": 0,
      "componentType": 5125,
      "count": 10866,
      "type": "SCALAR"
    },
    {
      "bufferView": 2,
      "byteOffset": 51720,
      "componentType": 5126,
      "count": 12738,
      "max": [
        0.5382318496704102,
        0.2696417570114136,
        0.04848942905664444
      ],
      "min": [
        -0.17195716500282288,
        0.0712929368019104,
        -0.2977559566497803
      ],
      "type": "VEC3"
    },
    {
      "bufferView": 2,
      "byteOffset": 204576,
      "componentType": 5126,
      "count": 12738,
      "max": [
        0.9994407892227173,
        0.9998452067375183,
        0.9997565746307373
      ],
      "min": [
        -0.9995052218437195,
        -0.9998157620429993,
        -0.9997701644897461
      ],
      "type": "VEC3"
    },
    {
      "bufferView": 3,
      "byteOffset": 34480,
      "componentType": 5126,
      "count": 12738,
      "max": [
        0.12941177189350128,
        0.7098039388656616,
        0.9882352948188782,
        1.0
      ],
      "min": [
        0.12941177189350128,
        0.7098039388656616,
        0.9882352948188782,
        1.0
      ],
      "type": "VEC4"
    },
    {
      "bufferView": 1,
      "byteOffset": 17240,
      "componentType": 5126,
      "count": 12738,
      "max": [
        1.0,
        1.0
      ],
      "min": [
        0.0,
        0.0
      ],
      "type": "VEC2"
    },
    {
      "bufferView": 0,
      "byteOffset": 43464,
      "componentType": 5125,
      "count": 73728,
      "type": "SCALAR"
    },
    {
      "bufferView": 2,
      "byteOffset": 357432,
      "componentType": 5126,
      "count": 7435,
      "max": [
        0.8454847931861877,
        1.5827022790908813,
        0.8837008476257324
      ],
      "min": [
        -0.7891227602958679,
        0.5550605058670044,
        -0.9220234751701355
      ],
      "type": "VEC3"
    },
    {
      "bufferView": 2,
      "byteOffset": 446652,
      "componentType": 5126,
      "count": 7435,
      "max": [
        0.9997240900993347,
        0.9999793767929077,
        0.9998874664306641
      ],
      "min": [
        -0.9996591806411743,
        -0.9999908208847046,
        -0.9999272227287292
      ],
      "type": "VEC3"
    },
    {
      "bufferView": 3,
      "byteOffset": 238288,
      "componentType": 5126,
      "count": 7435,
      "max": [
        1.0,
        1.0,
        1.0,
        1.0
      ],
      "min": [
        1.0,
        1.0,
        1.0,
        1.0
      ],
      "type": "VEC4"
    },
    {
      "bufferView": 1,
      "byteOffset": 119144,
      "componentType": 5126,
      "count": 7435,
      "max": [
        1.0,
        1.0
      ],
      "min": [
        0.0,
        0.0
      ],
      "type": "VEC2"
    },
    {
      "bufferView": 0,
      "byteOffset": 338376,
      "componentType": 5125,
      "count": 41010,
      "type": "SCALAR"
    },
    {
      "bufferView": 2,
      "byteOffset": 535872,
      "componentType": 5126,
      "count": 65532,
      "max": [
        0.780168890953064,
        -0.14860734343528748,
        0.8178561925888062
      ],
      "min": [
        -0.7897740602493286,
        -2.0345847606658936,
        -0.8422797918319702
      ],
      "type": "VEC3"
    },
    {
      "bufferView": 2,
      "byteOffset": 1322256,
      "componentType": 5126,
      "count": 65532,
      "max": [
        0.9999427199363708,
        0.9999997019767761,
        0.9999804496765137
      ],
      "min": [
        -0.9999945759773254,
        -0.9998146295547485,
        -0.9999648332595825
      ],
      "type": "VEC3"
    },
    {
      "bufferView": 3,
      "byteOffset": 357248,
      "componentType": 5126,
      "count": 65532,
      "max": [
        1.0,
        1.0,
        1.0,
        1.0
      ],
      "min": [
        1.0,
        1.0,
        1.0,
        1.0
      ],
      "type": "VEC4"
    },
    {
      "bufferView": 0,
      "byteOffset": 502416,
      "componentType": 5125,
      "count": 376365,
      "type": "SCALAR"
    },
    {
      "bufferView": 2,
      "byteOffset": 2108640,
      "componentType": 5126,
      "count": 24350,
      "max": [
        0.7720394730567932,
        -0.14910317957401276,
        0.8129465579986572
      ],
      "min": [
        -0.788381814956665,
        -2.0311601161956787,
        -0.8410652875900269
      ],
      "type": "VEC3"
    },
    {
      "bufferView": 2,
      "byteOffset": 2400840,
      "componentType": 5126,
      "count": 24350,
      "max": [
        0.9966244697570801,
        0.9999986886978149,
        0.997652530670166
      ],
      "min": [
        -0.9995632767677307,
        -0.991574764251709,
        -0.9968270063400269
      ],
      "type": "VEC3"
    },
    {
      "bufferView": 3,
      "byteOffset": 1405760,
      "componentType": 5126,
      "count": 24350,
      "max": [
        1.0,
        1.0,
        1.0,
        1.0
      ],
      "min": [
        1.0,
        1.0,
        1.0,
        1.0
      ],
      "type": "VEC4"
    },
    {
      "bufferView": 0,
      "byteOffset": 2007876,
      "componentType": 5125,
      "count": 118665,
      "type": "SCALAR"
    },
    {
      "bufferView": 2,
      "byteOffset": 2693040,
      "componentType": 5126,
      "count": 12738,
      "max": [
        2.3562467098236084,
        1.2997339963912964,
        0.5031976103782654
      ],
      "min": [
        -0.2234313189983368,
        -0.6861473917961121,
        -0.40122541785240173
      ],
      "type": "VEC3"
    },
    {
      "bufferView": 2,
      "byteOffset": 2845896,
      "componentType": 5126,
      "count": 12738,
      "max": [
        0.9999935030937195,
        0.9997113347053528,
        0.999483585357666
      ],
      "min": [
        -0.9999807476997375,
        -0.999954879283905,
        -0.9998756051063538
      ],
      "type": "VEC3"
    },
    {
      "bufferView": 3,
      "byteOffset": 1795360,
      "componentType": 5126,
      "count": 12738,
      "max": [
        1.0,
        1.0,
        1.0,
        1.0
      ],
      "min": [
        1.0,
        1.0,
        1.0,
        1.0
      ],
      "type": "VEC4"
    },
    {
      "bufferView": 1,
      "byteOffset": 178624,
      "componentType": 5126,
      "count": 12738,
      "max": [
        1.0,
        1.0
      ],
      "min": [
        0.0,
        0.0
      ],
      "type": "VEC2"
    },
    {
      "bufferView": 0,
      "byteOffset": 2482536,
      "componentType": 5125,
      "count": 73728,
      "type": "SCALAR"
    }
  ],
  "asset": {
    "extras": {
      "author": "katiekangaroo (https://sketchfab.com/katiekangaroo)",
      "license": "SKETCHFAB Standard (https://sketchfab.com/licenses)",
      "source": "https://sketchfab.com/3d-models/eva-d434dfc3cb9244fbba83407ccabdd523",
      "title": "Eva"
    },
    "generator": "Sketchfab-16.74.0",
    "version": "2.0"
  },
  "bufferViews": [
    {
      "buffer": 0,
      "byteLength": 2777448,
      "name": "floatBufferViews",
      "target": 34963
    },
    {
      "buffer": 0,
      "byteLength": 280528,
      "byteOffset": 2777448,
      "byteStride": 8,
      "name": "floatBufferViews",
      "target": 34962
    },
    {
      "buffer": 0,
      "byteLength": 2998752,
      "byteOffset": 3057976,
      "byteStride": 12,
      "name": "floatBufferViews",
      "target": 34962
    },
    {
      "buffer": 0,
      "byteLength": 1999168,
      "byteOffset": 6056728,
      "byteStride": 16,
      "name": "floatBufferViews",
      "target": 34962
    }
  ],
  "buffers": [
    {
      "byteLength": 8055896,
      "uri": "scene.bin"
    }
  ],
  "materials": [
    {
      "doubleSided": true,
      "name": "Scene_-_Root",
      "pbrMetallicRoughness": {
        "metallicFactor": 0.0,
        "roughnessFactor": 0.6
      }
    }
  ],
  "meshes": [
    {
      "name": "head screen __0",
      "primitives": [
        {
          "attributes": {
            "COLOR_0": 2,
            "NORMAL": 1,
            "POSITION": 0,
            "TEXCOORD_0": 3
          },
          "indices": 4,
          "material": 0,
          "mode": 4
        }
      ]
    },
    {
      "name": "eyes__0",
      "primitives": [
        {
          "attributes": {
            "COLOR_0": 7,
            "NORMAL": 6,
            "POSITION": 5,
            "TEXCOORD_0": 8
          },
          "indices": 9,
          "material": 0,
          "mode": 4
        }
      ]
    },
    {
      "name": "head white __0",
      "primitives": [
        {
          "attributes": {
            "COLOR_0": 12,
            "NORMAL": 11,
            "POSITION": 10,
            "TEXCOORD_0": 13
          },
          "indices": 14,
          "material": 0,
          "mode": 4
        }
      ]
    },
    {
      "name": "body__0",
      "primitives": [
        {
          "attributes": {
            "COLOR_0": 17,
            "NORMAL": 16,
            "POSITION": 15
          },
          "indices": 18,
          "material": 0,
          "mode": 4
        }
      ]
    },
    {
      "name": "body__0",
      "primitives": [
        {
          "attributes": {
            "COLOR_0": 21,
            "NORMAL": 20,
            "POSITION": 19
          },
          "indices": 22,
          "material": 0,
          "mode": 4
        }
      ]
    },
    {
      "name": "arm__0",
      "primitives": [
        {
          "attributes": {
            "COLOR_0": 25,
            "NORMAL": 24,
            "POSITION": 23,
            "TEXCOORD_0": 26
          },
          "indices": 27,
          "material": 0,
          "mode": 4
        }
      ]
    }
  ],
  "nodes": [
    {
      "children": [
        1
      ],
      "matrix": [
        1.0,
        0.0,
        0.0,
        0.0,
        0.0,
        2.220446049250313e-16,
        -1.0,
        0.0,
        0.0,
        1.0,
        2.220446049250313e-16,
        0.0,
        0.0,
        0.0,
        0.0,
        1.0
      ],
      "name": "Sketchfab_model"
    },
    {
      "children": [
        2
      ],
      "matrix": [
        1.0,
        0.0,
        0.0,
        0.0,
        0.0,
        0.0,
        1.0,
        0.0,
        0.0,
        -1.0,
        0.0,
        0.0,
        0.0,
        0.0,
        0.0,
        1.0
      ],
      "name": "3fb445d33a8146d1a2ee6c70276ad7ea.fbx"
    },
    {
      "children": [
        3,
        5,
        7,
        9,
        12
      ],
      "name": "RootNode"
    },
    {
      "children": [
        4
      ],
      "matrix": [
        0.9732975152600444,
        -0.1091918307801066,
        -0.20191357279666028,
        0.0,
        0.15025771084739298,
        0.9680412954111649,
        0.20079509632850842,
        0.0,
        0.1735354820478765,
        -0.22577242611329704,
        0.9585990448920972,
        0.0,
        0.5661393404006958,
        1.64974844455719,
        -0.32379791140556335,
        1.0
      ],
      "name": "head screen "
    },
    {
      "mesh": 0,
      "name": "head screen __0"
    },
    {
      "children": [
        6
      ],
      "matrix": [
        0.9319562891044259,
        -0.32968467490541126,
        0.15088197745898987,
        0.0,
        0.30434550298723123,
        0.937512480792031,
        0.16865362125176844,
        0.0,
        -0.19705627477933235,
        -0.11125756494729196,
        0.9740588169161508,
        0.0,
        0.62986820936203,
        2.4702601432800293,
        0.7423789501190186,
        1.0
      ],
      "name": "eyes"
    },
    {
      "mesh": 1,
      "name": "eyes__0"
    },
    {
      "children": [
        8
      ],
      "matrix": [
        0.9773569916423747,
        -0.11491505420681208,
        -0.17767307616835604,
        0.0,
        0.1526809787006537,
        0.9643458258583181,
        0.21616088379575762,
        0.0,
        0.1464981671555212,
        -0.23839367867425926,
        0.9600555926550436,
        0.0,
        0.5814166069030762,
        1.689805269241333,
        -0.29204869270324707,
        1.0
      ],
      "name": "head white "
    },
    {
      "mesh": 2,
      "name": "head white __0"
    },
    {
      "children": [
        10,
        11
      ],
      "matrix": [
        0.9996464491468365,
        0.010805612819294966,
        -0.024291896394367764,
        0.0,
        -0.009371236110421328,
        0.9982489827735666,
        0.058405036814493855,
        0.0,
        0.024880463079832577,
        -0.05815674256721753,
        0.9979973129430847,
        0.0,
        0.7429906129837036,
        2.135603904724121,
        -0.2386821210384369,
        1.0
      ],
      "name": "body"
    },
    {
      "mesh": 3,
      "name": "body__0"
    },
    {
      "mesh": 4,
      "name": "body__0"
    },
    {
      "children": [
        13
      ],
      "matrix": [
        0.9472732744367262,
        -0.30075478295154057,
        -0.11054313574532185,
        0.0,
        0.3095531017944525,
        0.948055157051452,
        0.07326784525488635,
        0.0,
        0.08276534488942834,
        -0.103623654590471,
        0.9911670070652315,
        0.0,
        -0.31621772050857544,
        1.091597080230713,
        -0.2849953770637512,
        1.0
      ],
      "name": "arm"
    },
    {
      "mesh": 5,
      "name": "arm__0"
    }
  ],
  "scene": 0,
  "scenes": [
    {
      "name": "Sketchfab_Scene",
      "nodes": [
        0
      ]
    }
  ]
}
